1 2 program
1 2 test
1 5 ;
2 1 type
2 2 color
2 4 =
2 5 (
2 2 red
2 6 ,
2 2 greeen
2 6 ,
2 2 blue
2 5 )
2 5 ;
3 1 var
3 2 r
3 5 :
3 1 real
3 5 ;
4 2 i
4 6 ,
4 2 j
4 6 ,
4 2 n
4 6 ,
4 2 s
4 5 :
4 1 integer
4 5 ;
5 2 t
5 5 :
5 1 boolean
5 5 ;
6 2 c
6 5 :
6 2 color
6 5 ;
7 1 begin
8 2 s
8 5 :
8 4 =
8 3 1
8 5 ;
9 2 t
9 5 :
9 4 =
9 7 true
9 5 ;
10 1 while
10 5 (
10 5 (
10 2 j
10 4 <>
10 3 3
10 5 )
10 5 )
10 1 do
10 1 begin
11 2 n
11 5 :
11 4 =
11 3 2
11 5 ;
12 2 r
12 5 :
12 4 =
12 8 1.23
12 5 ;
13 1 while
13 5 (
13 5 (
13 2 i
13 4 <
13 3 10
13 5 )
13 4 <>
13 5 (
13 2 j
13 4 <
13 3 11
13 5 )
13 5 )
13 1 do
13 1 begin
14 2 s
14 5 :
14 4 =
14 2 s
14 4 +
14 3 1
14 5 ;
15 1 end
15 5 ;
16 2 r
16 5 :
16 4 =
16 2 r
16 4 +
16 3 1
16 4 /
16 2 n
16 5 ;
17 1 end
17 5 ;
18 1 case
18 5 (
18 2 j
18 4 >
18 3 0
18 5 )
18 2 of
19 3 1
19 5 :
19 1 writeln
19 5 (
19 2 s
19 5 )
19 5 ;
20 3 3
20 5 :
20 2 s
20 5 :
20 4 =
20 3 0
21 2 endcase
21 5 ;
22 1 writeln
22 5 (
22 3 'количество различных букв = '
22 6 ,
22 2 r
22 5 )
22 5 ;
23 1 end
23 5 .
